0.031927
0.014226
0.008136
0.005668
0.004526
0.003898
0.003475
0.003133
0.002837
0.002572
0.002337
0.002136
0.001963
0.001816
0.001690
0.001583
0.001490
0.001411
0.001343
0.001284
0.001232
0.001187
0.001146
0.001111
0.001079
0.001051
0.001026
0.001004
0.000984
0.000967
0.000951
0.000936
0.000923
0.000911
0.000899
0.000889
0.000879
0.000871
0.000863
0.000856
0.000849
0.000842
0.000836
0.000830
0.000824
0.000819
0.000814
0.000810
0.000805
0.000801
0.000797
0.000794
0.000790
0.000787
0.000784
0.000781
0.000778
0.000775
0.000773
0.000770
0.000768
0.000765
0.000763
0.000761
0.000759
0.000757
0.000755
0.000753
0.000751
0.000750
0.000748
0.000746
0.000745
0.000743
0.000742
0.000740
0.000739
0.000737
0.000736
0.000735
0.000733
0.000732
0.000731
0.000730
0.000728
0.000727
0.000726
0.000725
0.000724
0.000722
0.000721
0.000720
0.000719
0.000718
0.000718
0.000717
0.000716
0.000715
0.000714
0.000713
